1.583451777696609497e-01 3.418881893157958984e-01 2.901982367038726807e-01
1.116336658596992493e-01 -3.356690704822540283e-01 -1.326664984226226807e-01
-1.282229274511337280e-01 -1.756491512060165405e-01 8.659414201974868774e-02
-3.420900702476501465e-01 -2.330506294965744019e-01 8.698577433824539185e-02
-1.230992823839187622e-01 -2.645682096481323242e-01 -2.606452107429504395e-01
-1.812702119350433350e-01 -1.533596217632293701e-01 -3.260143399238586426e-01
-2.511526942253112793e-01 1.497739106416702271e-01 3.798766732215881348e-01
-3.739104270935058594e-01 1.414522677659988403e-01 2.096974551677703857e-01
1.884768754243850708e-01 -6.617483496665954590e-02 -9.952998161315917969e-02
-1.376004368066787720e-01 -1.378054469823837280e-01 -3.384376317262649536e-02
2.522814571857452393e-01 3.400202095508575439e-01 -2.319262623786926270e-01
2.059519886970520020e-01 1.818613857030868530e-01 -3.289586007595062256e-01
3.804953098297119141e-01 -3.286748006939888000e-02 -2.076839655637741089e-01
-3.386426344513893127e-02 3.266966938972473145e-01 -1.716492511332035065e-02
3.544367551803588867e-01 1.145801022648811340e-01 -1.814868859946727753e-02
