7.495294213294982910e-01
7.775882482528686523e-01
7.544705867767333984e-01
7.679411768913269043e-01
7.674117684364318848e-01
7.482352852821350098e-01
7.262941002845764160e-01
6.944117546081542969e-01
6.314705610275268555e-01
5.072941184043884277e-01
4.977647066116333008e-01
5.447058677673339844e-01
6.541176438331604004e-01
7.342941164970397949e-01
8.051764965057373047e-01
8.719999790191650391e-01
9.047647118568420410e-01
9.487059116363525391e-01
9.665882587432861328e-01
9.858823418617248535e-01
9.883529543876647949e-01
