9.901176691055297852e-01
9.855294227600097656e-01
9.862940907478332520e-01
9.829411506652832031e-01
9.781176447868347168e-01
9.647647142410278320e-01
9.625294208526611328e-01
9.494117498397827148e-01
9.208823442459106445e-01
8.952941298484802246e-01
8.578235507011413574e-01
8.015294075012207031e-01
7.363529205322265625e-01
6.730588078498840332e-01
5.114706158638000488e-01
4.944705963134765625e-01
5.067647099494934082e-01
6.967647075653076172e-01
7.902941107749938965e-01
8.620588183403015137e-01
9.246470332145690918e-01
