9.932352900505065918e-01
9.962353110313415527e-01
9.960588216781616211e-01
9.952353239059448242e-01
9.902352690696716309e-01
9.871764779090881348e-01
9.871764779090881348e-01
9.700587987899780273e-01
9.751764535903930664e-01
9.655882120132446289e-01
9.394117593765258789e-01
9.088823795318603516e-01
8.578823804855346680e-01
8.352941274642944336e-01
7.655882239341735840e-01
7.002941370010375977e-01
5.226470828056335449e-01
5.037058591842651367e-01
5.894705653190612793e-01
7.091764807701110840e-01
8.171176314353942871e-01
