4.972352981567382812e-01
5.032352805137634277e-01
5.015293955802917480e-01
4.968235194683074951e-01
4.934117794036865234e-01
4.916470646858215332e-01
4.994705915451049805e-01
5.664705634117126465e-01
5.004705786705017090e-01
6.954117417335510254e-01
7.702353000640869141e-01
8.471176624298095703e-01
8.998823761940002441e-01
9.490000009536743164e-01
9.650588035583496094e-01
9.799411892890930176e-01
9.934706091880798340e-01
9.898823499679565430e-01
9.958235025405883789e-01
9.974706172943115234e-01
9.984706044197082520e-01
