9.091764688491821289e-01
9.110000133514404297e-01
9.015294313430786133e-01
9.070000052452087402e-01
8.963529467582702637e-01
8.761764764785766602e-01
8.584117889404296875e-01
8.317058682441711426e-01
7.847058773040771484e-01
7.238235473632812500e-01
6.383529305458068848e-01
5.078823566436767578e-01
5.015293955802917480e-01
5.768823623657226562e-01
6.625882387161254883e-01
7.500588297843933105e-01
8.132352828979492188e-01
8.776470422744750977e-01
9.290588498115539551e-01
9.582353234291076660e-01
9.794117808341979980e-01
