4.982352852821350098e-01
5.015293955802917480e-01
4.988235235214233398e-01
5.014117360115051270e-01
4.927647113800048828e-01
4.960588216781616211e-01
5.056470632553100586e-01
5.222352743148803711e-01
5.161764621734619141e-01
7.085882425308227539e-01
7.747647166252136230e-01
8.370000123977661133e-01
8.980000019073486328e-01
9.564117789268493652e-01
9.725882411003112793e-01
9.840587973594665527e-01
9.923529624938964844e-01
9.971176385879516602e-01
9.984117746353149414e-01
9.983529448509216309e-01
9.985882639884948730e-01
