5.036470293998718262e-01
5.099411606788635254e-01
5.064705610275268555e-01
5.046470761299133301e-01
5.071176290512084961e-01
5.060588121414184570e-01
5.028235316276550293e-01
4.996470510959625244e-01
5.470588207244873047e-01
5.181764960289001465e-01
6.970587968826293945e-01
7.599999904632568359e-01
8.374117612838745117e-01
8.892940878868103027e-01
9.183529615402221680e-01
9.373529553413391113e-01
9.592941403388977051e-01
9.816470742225646973e-01
9.798823595046997070e-01
9.943529367446899414e-01
9.979411959648132324e-01
