8.497647047042846680e-01
7.590588331222534180e-01
6.380000114440917969e-01
5.017058849334716797e-01
5.077646970748901367e-01
5.219411849975585938e-01
5.889999866485595703e-01
6.531176567077636719e-01
6.952941417694091797e-01
7.154117822647094727e-01
7.434706091880798340e-01
8.050000071525573730e-01
8.153529167175292969e-01
8.428823351860046387e-01
8.420000076293945312e-01
8.622353076934814453e-01
8.645294308662414551e-01
8.840588331222534180e-01
8.402352929115295410e-01
9.015882611274719238e-01
7.632352709770202637e-01
9.060000181198120117e-01
9.197058677673339844e-01
8.997647166252136230e-01
9.376470446586608887e-01
9.352940917015075684e-01
9.306470751762390137e-01
