9.968235492706298828e-01
9.935882091522216797e-01
9.941176176071166992e-01
9.962941408157348633e-01
9.938823580741882324e-01
9.954117536544799805e-01
9.920588135719299316e-01
9.932941198348999023e-01
9.861764907836914062e-01
9.742352962493896484e-01
9.721764922142028809e-01
9.686470627784729004e-01
9.417058825492858887e-01
9.289411902427673340e-01
8.941764831542968750e-01
8.330000042915344238e-01
7.641764879226684570e-01
6.889411807060241699e-01
6.134706139564514160e-01
5.031764507293701172e-01
6.070588231086730957e-01
7.199411988258361816e-01
8.126470446586608887e-01
