5.039411783218383789e-01
6.328823566436767578e-01
7.274705767631530762e-01
8.041176199913024902e-01
8.471764922142028809e-01
8.705294132232666016e-01
8.997647166252136230e-01
9.249411821365356445e-01
9.271176457405090332e-01
9.464705586433410645e-01
9.411176443099975586e-01
9.602941274642944336e-01
9.680588245391845703e-01
9.705294370651245117e-01
9.661176204681396484e-01
9.791176319122314453e-01
9.804117679595947266e-01
9.821764826774597168e-01
9.819999933242797852e-01
9.779999852180480957e-01
9.811176657676696777e-01
9.829999804496765137e-01
9.845882058143615723e-01
9.886470437049865723e-01
9.856470823287963867e-01
9.879999756813049316e-01
9.895294308662414551e-01
