9.848235249519348145e-01
9.884706139564514160e-01
9.886470437049865723e-01
9.897646903991699219e-01
9.890000224113464355e-01
9.676470756530761719e-01
9.768235087394714355e-01
9.721176624298095703e-01
9.644705653190612793e-01
9.518823623657226562e-01
9.240000247955322266e-01
9.001764655113220215e-01
8.501176238059997559e-01
7.978823781013488770e-01
7.490000128746032715e-01
6.628823280334472656e-01
5.157647132873535156e-01
5.008823275566101074e-01
5.887058973312377930e-01
6.998823285102844238e-01
7.834117412567138672e-01
8.717647194862365723e-01
9.190000295639038086e-01
