7.677058577537536621e-01
7.820000052452087402e-01
7.711176276206970215e-01
7.720000147819519043e-01
7.710587978363037109e-01
7.638823390007019043e-01
7.647647261619567871e-01
7.512353062629699707e-01
7.221764922142028809e-01
6.934705972671508789e-01
5.211764574050903320e-01
5.054117441177368164e-01
4.965294003486633301e-01
5.076470375061035156e-01
6.379411816596984863e-01
7.423529624938964844e-01
7.934705615043640137e-01
8.679412007331848145e-01
9.165882468223571777e-01
9.453529119491577148e-01
9.669411778450012207e-01
9.774117469787597656e-01
9.933529496192932129e-01
