5.088235139846801758e-01
5.128235220909118652e-01
5.141764879226684570e-01
5.310588479042053223e-01
5.554117560386657715e-01
5.090588331222534180e-01
5.024706125259399414e-01
5.315882563591003418e-01
4.988823533058166504e-01
4.985882341861724854e-01
5.048823356628417969e-01
6.191764473915100098e-01
6.908235549926757812e-01
7.648823261260986328e-01
8.252941370010375977e-01
8.690000176429748535e-01
9.214117527008056641e-01
9.397059082984924316e-01
9.619411826133728027e-01
9.722353219985961914e-01
9.924117922782897949e-01
9.925293922424316406e-01
9.962941408157348633e-01
