4.934705793857574463e-01
5.005882382392883301e-01
4.915882349014282227e-01
5.034117698669433594e-01
4.981176555156707764e-01
5.038235187530517578e-01
5.042940974235534668e-01
4.987646937370300293e-01
5.181176662445068359e-01
5.728823542594909668e-01
6.106470823287963867e-01
7.038235068321228027e-01
7.373529672622680664e-01
8.284705877304077148e-01
9.088235497474670410e-01
9.458823800086975098e-01
9.542941451072692871e-01
9.861176609992980957e-01
9.937646985054016113e-01
9.955294132232666016e-01
9.974706172943115234e-01
9.974706172943115234e-01
9.989411830902099609e-01
