5.049999952316284180e-01
5.032352805137634277e-01
5.013529658317565918e-01
5.043529272079467773e-01
5.031176209449768066e-01
5.004705786705017090e-01
5.007058978080749512e-01
4.994705915451049805e-01
5.015882253646850586e-01
5.653529167175292969e-01
6.328235268592834473e-01
6.822353005409240723e-01
7.640588283538818359e-01
8.146470785140991211e-01
4.970000088214874268e-01
9.439411759376525879e-01
9.695882201194763184e-01
9.773529171943664551e-01
9.919999837875366211e-01
9.956470727920532227e-01
9.980000257492065430e-01
9.980587959289550781e-01
9.987646937370300293e-01
