9.074117541313171387e-01
9.070000052452087402e-01
9.028823375701904297e-01
9.082353115081787109e-01
9.105294346809387207e-01
8.981764912605285645e-01
8.855882287025451660e-01
8.825294375419616699e-01
8.687646985054016113e-01
8.241176605224609375e-01
7.867059111595153809e-01
7.058823704719543457e-01
6.595882177352905273e-01
4.976470470428466797e-01
5.012941360473632812e-01
5.124706029891967773e-01
6.658235192298889160e-01
7.403529286384582520e-01
8.160588145256042480e-01
8.895294070243835449e-01
9.188235402107238770e-01
9.565882086753845215e-01
9.771176576614379883e-01
