9.303529262542724609e-01
9.465882182121276855e-01
9.514117836952209473e-01
9.517058730125427246e-01
9.357059001922607422e-01
9.438235163688659668e-01
9.234117865562438965e-01
8.991764783859252930e-01
8.561764955520629883e-01
8.035882115364074707e-01
7.242941260337829590e-01
6.342940926551818848e-01
5.087058544158935547e-01
6.339411735534667969e-01
5.104705691337585449e-01
8.888823390007019043e-01
9.441176652908325195e-01
9.736470580101013184e-01
9.932941198348999023e-01
9.958823323249816895e-01
9.982352852821350098e-01
9.994117617607116699e-01
9.999411702156066895e-01
