5.032352805137634277e-01
5.012941360473632812e-01
4.975294172763824463e-01
4.978235363960266113e-01
4.965882301330566406e-01
5.013529658317565918e-01
4.984117746353149414e-01
4.957058727741241455e-01
5.003529191017150879e-01
6.584705710411071777e-01
7.787058949470520020e-01
8.796470761299133301e-01
9.514117836952209473e-01
9.816470742225646973e-01
9.940000176429748535e-01
9.963529706001281738e-01
9.984706044197082520e-01
9.986470341682434082e-01
9.994117617607116699e-01
9.997646808624267578e-01
1.000000000000000000e+00
9.995294213294982910e-01
9.999411702156066895e-01
