4.990000128746032715e-01
5.049999952316284180e-01
5.052353143692016602e-01
5.120587944984436035e-01
5.057058930397033691e-01
6.675882339477539062e-01
5.133529305458068848e-01
5.025293827056884766e-01
5.037058591842651367e-01
4.988823533058166504e-01
4.942353069782257080e-01
6.935882568359375000e-01
7.994706034660339355e-01
8.945294022560119629e-01
9.576470851898193359e-01
9.779999852180480957e-01
9.940588474273681641e-01
9.952940940856933594e-01
9.987646937370300293e-01
9.994705915451049805e-01
9.999411702156066895e-01
9.998235106468200684e-01
9.999411702156066895e-01
