5.041176676750183105e-01
4.971176385879516602e-01
4.958235323429107666e-01
5.032941102981567383e-01
5.051764845848083496e-01
5.006470680236816406e-01
4.990588128566741943e-01
4.987646937370300293e-01
5.038235187530517578e-01
4.972941279411315918e-01
5.032352805137634277e-01
8.861764669418334961e-01
9.537059068679809570e-01
9.855882525444030762e-01
9.946470856666564941e-01
9.972352981567382812e-01
9.991176724433898926e-01
9.991764426231384277e-01
9.995882511138916016e-01
9.997646808624267578e-01
9.998235106468200684e-01
9.999411702156066895e-01
1.000000000000000000e+00
