9.987646937370300293e-01
9.988235235214233398e-01
9.991764426231384277e-01
9.991764426231384277e-01
9.992941021919250488e-01
9.992352724075317383e-01
9.985882639884948730e-01
9.992941021919250488e-01
9.973529577255249023e-01
9.975293874740600586e-01
9.948823451995849609e-01
9.890588521957397461e-01
9.753529429435729980e-01
9.459999799728393555e-01
9.233529567718505859e-01
8.107647299766540527e-01
6.653529405593872070e-01
4.991764724254608154e-01
6.889411807060241699e-01
8.443529605865478516e-01
9.364705681800842285e-01
9.741764664649963379e-01
9.964117407798767090e-01
