9.996470808982849121e-01
9.996470808982849121e-01
9.996470808982849121e-01
9.999411702156066895e-01
9.998823404312133789e-01
9.997646808624267578e-01
9.997059106826782227e-01
9.997646808624267578e-01
9.997059106826782227e-01
9.991764426231384277e-01
9.995882511138916016e-01
9.974117875099182129e-01
9.962941408157348633e-01
9.927647113800048828e-01
9.860588312149047852e-01
9.688823819160461426e-01
9.210000038146972656e-01
8.401764631271362305e-01
6.986470818519592285e-01
5.038823485374450684e-01
6.928823590278625488e-01
8.489999771118164062e-01
9.612941145896911621e-01
