9.937058687210083008e-01
9.928235411643981934e-01
9.952940940856933594e-01
9.945294260978698730e-01
9.930588006973266602e-01
9.887058734893798828e-01
9.848235249519348145e-01
9.737647175788879395e-01
9.706470370292663574e-01
9.510588049888610840e-01
9.194706082344055176e-01
8.718235492706298828e-01
7.736470699310302734e-01
5.129411816596984863e-01
5.001176595687866211e-01
6.668235063552856445e-01
7.975293993949890137e-01
9.022352695465087891e-01
9.554117918014526367e-01
9.844117760658264160e-01
9.975293874740600586e-01
9.982352852821350098e-01
9.996470808982849121e-01
