-2.206439673900604248e-01 2.485291361808776855e-01 -2.746216021478176117e-03
-2.585609853267669678e-01 -9.835536032915115356e-02 -2.527135908603668213e-01
-1.050381362438201904e-01 -2.531790137290954590e-01 2.115187346935272217e-01
-3.368260711431503296e-02 -1.761579364538192749e-01 2.544758617877960205e-01
-1.312909722328186035e-01 2.022683471441268921e-01 -1.410553306341171265e-01
3.226459026336669922e-01 6.540512200444936752e-03 4.395060613751411438e-02
-2.711109220981597900e-01 1.440178900957107544e-01 -2.182330042123794556e-01
-1.310676187276840210e-01 -2.326422035694122314e-01 2.632479369640350342e-01
1.004151105880737305e-01 3.226098418235778809e-01 -2.277439087629318237e-01
6.509874016046524048e-02 2.899220883846282959e-01 -3.316016197204589844e-01
-4.211147129535675049e-02 -4.959550499916076660e-02 2.959722876548767090e-01
1.856885552406311035e-01 -1.110727861523628235e-01 9.508938342332839966e-02
2.149646282196044922e-01 -1.050492674112319946e-01 1.875989586114883423e-01
3.803576342761516571e-03 -7.453798316419124603e-03 -1.795356124639511108e-01
8.385273814201354980e-02 3.945022076368331909e-02 -3.937651216983795166e-02
